501607900009003250827090000902051370300980000005706000406075032010000705003000196
040900380600000090290374500017096023000200054804700000002530908400027601081000270
000001406040600000106000050904076530057108040000045807008004060420067105561829000
000079200000000467700162090060910720340087509090000300006040170801720040473000052
800006310050700000000408097518230076040190000907860124703600000065000740000001003
340159082570024163180000900400000027001007000000290406903082000004710030200000600
050672000200000600409801200020090050573284009040057023600405007800003400034908006
001000020090073400000260950320000040104052000000300700005000076260587094917420083
090300600120050730083604009700039851054781906000026003031200500008090040040003000
000000100081093045400050032900504078058300009000820000500270084604138207802900600



