051004070400050031007603009000000003000000010004060028003006000028745000900830057
370012000000070091106000370702009040600040000054080107000000400498000723000804900
190840000084000690000059040702904030640070500010000070375468000000500703000700000
913000420080004005250109603000000508000658002030090704040900000006000000000407006
048600000205800049030049020100000700050090218000000000007005000402060180506900004
085000000030000160000060000560400000300000680090083200800340000006871345403000890
000204000800000000090000830030600000940830050000009610209400308580003420073900001
304020001002051049800000200930508020078300900000000080000000760026700098000005002
007560010603090000000040007300800720000920040250400001000080009090034162060000500
005070260703000081900065000830750040070409100500300000000200690006040002000000057

